0.35249758
0.6897028
0.7225796
0.688308
0.4208305
0.12781854
0.85471416
0.7136564
0.6478037
0.5635544
0.59640306
0.78415895
0.97184575
0.28278917
0.66190004
0.6092191
0.53888756
0.23841149
0.5721374
0.62868255
0.5792701
0.2906431
0.36667463
0.7480207
0.56042236
0.47406068
0.3691427
0.8490453
0.72347456
0.62362367
0.25560176
0.6975658
0.097872406
0.29910323
0.88423103
0.35785934
0.605864
0.29937312
0.22493844
0.5873065
0.21590029
0.5686806
0.36541665
0.6498644
0.40753424
0.40870345
0.329323
0.73272294
0.96650803
0.84396094
0.85768145
0.57540363
0.08620729
0.51880634
0.30172184
0.52547646
0.8770171
0.39299238
0.3512191
0.12771605
0.9652379
0.4197449
0.34605405
0.15353301
0.7107453
0.8112264
0.9366558
0.37583342
0.27062857
0.40427637
0.5730506
0.667724
0.9257774
0.2917155
0.3827515
0.24673016
0.37371457
0.952774
0.6273408
0.094333656
0.90277755
0.27889946
0.14190379
0.097053386
0.36149117
0.28648865
0.27712005
0.4589338
0.29256958
0.45328882
0.19558066
0.01835649
0.0904998
0.24948491
0.23502164
0.7341107
0.54912305
0.35600746
0.33978304
0.57427126
0.83599585
0.93840533
0.42833552
0.095571265
0.29814246
0.65842193
0.9059479
0.7309088
0.84656197
0.62423384
0.046597864
0.44085145
0.88609105
0.9954543
0.3738905
0.6957979
0.19509561
0.41133037
0.30276257
0.5558718
0.8325779
0.5172678
0.4907285
0.98088425
0.6203157
0.8187159
0.19404581
0.7317781
0.06116236
0.27097282
0.24252155
0.38818505
0.66766524
0.5168438
0.8802329
0.5949326
0.23606013
0.4014848
0.7582335
0.4918233
0.006570937
0.19422816
0.6916434
0.12266781
0.5259224
0.40943533
0.5618872
0.27238142
0.57609785
0.98307115
0.9750175
0.44899067
0.89508194
0.28603393
0.73286736
0.91387326
0.507748
0.045412224
0.7048404
0.52633935
0.40888292
0.681356
0.55988616
0.7516379
0.011291767
0.82132405
0.2846431
0.42782506
0.660117
0.7794501
0.5455697
0.49935186
0.09919667
0.5554072
0.9163764
0.7310857
0.78502786
0.44447786
0.6360817
0.99370944
0.56533945
0.42335397
0.049041394
0.9295254
0.697973
0.09782583
0.26480344
0.6951351
0.16959536
0.5783787
0.003780188
0.41302332
0.37286228
0.7399681
0.13535045
0.4865163
0.9837921
0.16554263
0.4845809
0.10444394
0.342165
0.07950466
0.30962166
0.86418355
0.003768902
0.35738194
0.49840456
0.49003276
0.10844777
0.6171642
0.591219
0.691162
0.50615597
0.12201267
0.12447227
0.33718914
0.54853255
0.5424555
0.96545744
0.26492774
0.73879045
0.46023384
0.50586
0.9158387
0.8999263
0.44353136
0.5441503
0.18612508
0.79241705
0.50905836
0.08118471
0.945323
0.7824121
0.8805105
0.12779848
0.8140904
0.9733088
0.72844106
0.9300385
0.46619317
0.042626403
0.6069444
0.9578723
0.60254794
0.16531412
0.6819684
0.03377097
0.14627452
0.9953982
0.1622976
0.64928305
0.16275835
0.14144982
0.69227993
0.4452458
0.9087106
0.60502136
0.15912497
0.17754269
0.49875316
0.90660226
0.43028703
0.7365109
0.17888936
0.6769524
0.2080149
0.9441813
0.31535426
0.22226629
0.7613
0.8249254
0.17611198
0.60846925
0.0634332
0.7665025
0.30952784
0.8662046
0.6900884
0.419117
0.5689883
0.63731706
0.32830742
0.50215083
0.20364892
0.16874039
0.061249558
0.5941915
0.92428774
0.09110739
0.6952941
0.9028706
0.83804744
0.9424416
0.05364114
0.18201819
0.30746058
0.7933897
0.750709
0.97409755
0.004737305
0.0789074
0.8158568
0.8051914
0.09942139
0.9611405
0.2940794
0.62284195
0.36360088
0.77189726
0.18825163
0.9062257
0.3636441
0.6010524
0.49967232
0.2787436
0.4683575
0.028785517
0.86249256
0.7833249
0.4085404
0.13898155
0.8998262
0.8833459
0.7523055
0.77109456
0.11048324
0.7028807
0.90215874
0.023236064
0.2342821
0.025732337
0.7024452
0.5126411
0.49056202
0.39955732
0.81781995
0.8219446
0.13695559
0.6772587
0.5583561
0.26449686
0.74791294
0.5521352
0.21806511
0.4706783
0.66130364
0.48289007
0.46615988
0.7424489
0.7653789
0.26297355
0.21033876
0.268746
0.7986788
0.49541628
0.801077
0.33860326
0.7864099
0.7336164
0.6593671
0.84724015
0.81123126
0.20867813
0.5811603
0.12668101
0.7254076
0.8708846
0.11526052
0.70494556
0.8465545
0.75525206
0.59821415
0.7104261
0.9367403
0.7878124
0.487767
0.3620584
0.7592394
0.22852267
0.85654557
0.69730854
0.56463265
0.44094282
0.42558086
0.73891425
0.9522611
0.03929387
0.95802283
0.62540466
0.9618946
0.34443823
0.6815705
0.5486979
0.8595244
0.40453675
0.44365475
0.5428457
0.84078795
0.06457525
0.58643985
0.21347046
0.8694284
0.034654174
0.52760935
0.80291235
0.1664661
0.17651549
0.2037115
0.66279393
0.6572029
0.14367355
0.36898187
0.08924996
0.4868715
0.7933563
0.4578051
0.65708035
0.7280954
0.4483203
0.36152634
0.88663965
0.74437845
0.8045844
0.8380414
0.3745936
0.1520383
0.10401192
0.27785933
0.9527501
0.7073005
0.61260873
0.39463592
0.31590614
0.87394047
0.9761349
0.23876683
0.2946781
0.11390876
0.01495689
0.17668512
0.075085655
0.16044088
0.16721967
0.23062421
0.5597766
0.17449124
0.36383054
0.23066539
0.81352174
0.17370646
0.1909571
0.4151659
0.26755038
0.83389145
0.2672613
0.9252742
0.30638528
0.72508687
0.83214164
0.26705685
0.4053562
0.7333304
0.67361337
0.47833714
0.6441574
0.8568028
0.5342241
0.90233946
0.38485068
0.5485381
0.04691954
0.26568347
0.7755874
0.060242593
0.37741974
0.29925475
0.93946046
0.60916895
0.32419515
0.021027617
0.35771644
0.9986181
0.6192479
0.42341983
0.64861095
0.84113103
0.59762985
0.15904021
0.26919582
0.1503286
0.27104592
0.73976815
0.09382469
0.82196563
0.27536976
0.6548458
0.15680738
0.8782157
0.087155744
0.20921671
0.70332474
0.7062454
0.32341346
0.07634062
0.43858868
0.94191736
0.56736714
0.27565223
0.30392563
0.41450074
0.5491085
0.4122127
0.9649463
0.28015822
0.1260033
0.541554
0.64274204
0.31099144
0.20635751
0.054389995
0.20578684
0.9015093
0.6245276
0.64918315
0.5064926
0.755101
0.6128273
0.5437095
0.059657853
0.7832318
0.1680288
0.06533944
0.21901955
0.50282764
0.30028644
0.4134514
0.8719081
0.35918418
0.9163571
0.4305333
0.5846059
0.76935655
0.69617516
0.3710254
0.2540039
0.9064732
0.037043653
0.25895837
0.6950281
0.6043985
0.8388527
0.3873021
0.3161597
0.25910372
0.5743052
0.79022026
0.39923602
0.61165667
0.97927356
0.7618941
0.090212
0.7723488
0.95539075
0.29856792
0.3672603
0.52595437
0.3133503
0.059926406
0.19750828
0.7843625
0.09190887
0.1383103
0.37699664
0.056992516
0.92154413
0.7896443
0.8576079
0.857352
0.23974852
0.22467357
0.90099293
0.37891832
0.37042403
0.12507276
0.29315794
0.9112383
0.4531084
0.34734118
0.21875389
0.2639367
0.005067376
0.617732
0.91149104
0.8375378
0.07683185
0.69644296
0.86271155
0.3097158
0.39341626
0.9418116
0.693292
0.47816968
0.67606807
0.4819376
0.65789604
0.66964257
0.13404773
0.5526986
0.17345506
0.22777939
0.19684944
0.37868392
0.46109572
0.32250765
0.59155667
0.061876502
0.49657956
0.633456
0.2283072
0.72511214
0.8123003
0.04513804
0.7144143
0.06249274
0.48673326
0.53243744
0.95977557
0.6463098
0.6065172
0.2585142
0.5079177
0.24646142
0.5025548
0.9999969
0.89992017
0.4832119
0.2126312
0.23052992
0.2307568
0.58738375
0.8592461
0.42722526
0.69652337
0.6880401
0.027746974
0.27107787
0.57001585
0.5581392
0.19289006
0.7671798
0.05562369
0.45822722
0.17220451
0.13621211
0.36490187
0.15238374
0.760047
0.15359378
0.22980054
0.778105
0.89761615
0.6515125
0.87329954
0.0638472
0.72135043
0.65164864
0.20644175
0.14864415
0.57127
0.8693149
0.82005286
0.51330703
0.64882183
0.7280582
0.7802313
0.7720885
0.23613758
0.61746365
0.17301467
0.34649533
0.4227732
0.0964911
0.018834058
0.045389503
0.58785737
0.27361605
0.26915288
0.95685595
0.9764856
0.16571686
0.16850942
0.73624825
0.6109739
0.033348657
0.70904684
0.8391779
0.19572793
0.5117238
0.8392413
0.80933946
0.5098271
0.9896688
0.5661105
0.33878732
0.52606213
0.8090123
0.6230429
0.8750204
0.6191519
0.9787377
0.5670277
0.38729197
0.15093662
0.64826554
0.5980133
0.60628515
0.17166713
0.9475967
0.07488077
0.76061016
0.1687761
0.0008267564
0.87101656
0.4981117
0.21201769
0.029140515
0.86792916
0.40391818
0.60514146
0.94373745
0.046545975
0.26279485
0.65399617
0.46874556
0.42801058
0.37136778
0.94021624
0.32618842
0.60278875
0.49625623
0.9246006
0.70610964
0.10501644
0.1126237
0.52840716
0.41487947
0.8095129
0.30054355
0.9218026
0.13051352
0.17909725
0.44357443
0.09104737
0.44063404
0.9767615
0.32618257
0.22972074
0.47750512
0.74904704
0.44674888
0.38141033
0.33270144
0.84434927
0.3799218
0.09218746
0.6222581
0.6103035
0.33030632
0.3686267
0.793986
0.22553508
0.62621367
0.5451712
0.11729975
0.46936914
0.84170675
0.540878
0.600377
0.7383796
0.2648492
0.54316974
0.65116084
0.93924814
0.9344118
0.3290123
0.1882122
0.95915204
0.26209155
0.5251732
0.93035877
0.17869599
0.6422118
0.95857894
0.4836119
0.107928164
0.5698996
0.2271633
0.81153536
0.83377033
0.3989333
0.6453613
0.95619285
0.32191712
0.55095583
0.12829839
0.6888524
0.18347004
0.070649736
0.46196815
0.57767713
0.5518257
0.70427316
0.91418946
0.8264309
0.068484694
0.26935157
0.53748864
0.09204289
0.9133983
0.7645532
0.83526427
0.68982565
0.87653947
0.38095525
0.6526627
0.53615296
0.94035417
0.6541395
0.3193138
0.7868016
0.87342864
0.6337541
0.46608454
0.86485744
0.0844037
0.97677547
0.055818092
0.65718526
0.29857945
0.5742771
0.82139796
0.5630927
0.672215
0.91857487
0.21381333
0.16940092
0.22879077
0.1568288
0.5045783
0.85818887
0.92155135
0.711598
0.77291006
0.0992179
0.59948325
0.5785586
0.49280435
0.7074385
0.35144132
0.18923439
0.98742765
0.6584072
0.5876687
0.93871605
0.3615554
0.43529052
0.3362054
0.022788368
0.6095893
0.45217806
0.7142974
0.086974904
0.14637907
0.0019106099
0.8646675
0.91816396
0.96331656
0.1684634
0.35452604
0.7048307
7.0085e-05
0.5922937
0.7833429
0.48479846
0.71442163
0.25187862
0.1629251
0.8371827
0.6114199
0.027657375
0.27194303
0.46747243
0.99910456
0.074024305
0.49141505
0.4356073
0.8449513
0.12193671
0.8228924
0.855118
0.8257636
0.08268395
0.1896738
0.7427741
0.58468145
0.62408686
0.022890775
0.99181545
0.7258355
0.9772849
0.09931943
0.5687812
0.20731094
0.10995971
0.47139207
0.8579724
0.22371107
0.7987432
0.17135799
0.21676046
0.8310084
0.17787057
0.40372434
0.9953049
0.36863896
0.62579864
0.8228212
0.7659572
0.027090348
0.3159386
0.6361047
0.84464663
0.87918377
0.102623306
0.32677224
0.8217255
0.98565555
0.17558597
0.58084047
0.38348067
0.74563444
0.98226255
0.64582604
0.050490998
0.6702766
0.87126887
0.10028826
0.6029595
0.39487958
0.64331144
0.31937554
0.40895012
0.49359345
0.099429324
0.69268537
0.44516182
0.65347457
0.85867727
0.18308952
0.76714593
0.28852594
0.40072247
0.81607926
0.8052605
0.3938876
0.56513923
0.4260467
0.7568303
0.3171907
0.47260115
0.52076465
0.08684246
0.96046984
0.8897086
0.78190506
0.3379141
0.3632666
0.7749003
0.59097266
0.39466113
0.74457586
0.07623902
0.7208643
0.45390812
0.035094943
0.6431503
0.04258848
0.9472371
0.5760045
0.01646701
0.98127395
0.64657074
0.9487182
0.29626405
0.84791076
0.85749686
0.034978416
0.92815804
0.7796565
0.19836852
0.18785314
0.17179884
0.4297
0.9403357
0.89895236
0.90001094
0.37368563
0.9674143
0.16731776
0.22568358
0.779701
0.7706528
0.67839426
0.6116358
0.3375378
0.050313916
0.53565615
0.73006463
0.6443922
0.30651683
0.29014263
0.51555735
0.3489372
0.10719047
0.72177446
0.6263729
0.5995799
0.6221212
0.53424704
0.41992396
0.3204124
0.86471784
0.7953185
0.38208503
0.542097
0.32193422
0.583948
0.6613111
0.65065444
0.0575924
0.75497735
0.38569096
0.9083022
0.99961066
0.27061072
0.54674083
0.20685618
0.9067603
0.68451875
0.56995106
0.026499921
0.198972
0.42373842
0.6125335
0.13394402
0.013173253
0.25225106
0.9135952
0.008322257
0.74726486
0.45158595
0.33347577
0.5574073
0.5800106
0.24911231
0.4429787
0.18362278
0.37001035
0.5678066
0.26126513
0.3155207
0.26554194
0.15783763
0.25041184
0.5437399
0.2768811
0.53838325
0.34622154
0.6001425
0.39198104
0.32585573
0.8744655
0.54015535
0.6688936
0.88009393
0.6806878
0.27404305
0.8557782
0.7616993
0.035837296
0.3732319
0.51918656
0.5149985
0.23158236
0.4888726
0.76707
0.9250534
0.89280486
0.86655253
0.009301604
0.8875403
0.14718118
0.2683364
0.099728204
0.12703928
0.56161153
0.6862392
0.30629867
0.60185015
0.3978706
0.29250985
0.91921026
0.6428115
0.85574454
0.14856334
0.85420865
0.5130375
0.58082354
0.9142546
0.3312227
0.34449694
0.80687225
0.7544497
0.2967114
0.29562402
0.3084359
0.41371357
0.42304322
0.5160856
0.6998884
0.9531003
0.8366569
0.13012245
0.6463819
0.031495683
0.51792026
0.09266856
0.23174007
0.91017437
0.4381733
0.17845966
0.2922648
0.20201677
0.69455135
0.5897933
0.675246
0.4084959
0.49129924
0.7753148
0.0562736
0.009152984
0.6653763
0.0062526064
0.28961778
0.81912297
0.25574607
0.7366554
0.4161117
0.61537427
0.14828679
0.32558143
0.25859505
0.65944386
0.023654778
0.4084947
0.2175091
0.8765351
0.22289033
0.74140745
0.8367942
0.043666244
0.7892742
0.41912368
0.9282471
0.76407725
0.7276589
0.94819844
0.827752
0.04882446
0.17590159
0.3059656
0.743904
0.5407274
0.49022868
0.93744475
0.11931848
0.6732498
0.88483113
0.23984586
0.75890964
0.26895458
0.84341484
0.8844314
0.6915248
0.18338041
0.57878375
0.04812853
0.77987474
0.5034021
0.9374676
0.69359064
0.96309537
0.15320718
0.8958161
0.5097768
0.23234276
0.29407775
0.39408818
0.428941
0.15963912
0.46876281
0.07112449
0.24731883
0.7358729
0.46871462
0.25359315
0.13552271
0.19255699
0.41274717
0.4873463
0.5325085
0.09586215
0.5283242
0.13964075
0.57595915
0.56043583
0.2644441
0.48917502
0.06918633
0.19690973
0.34670284
0.7089283
0.39871746
0.767807
0.7010721
0.736049
0.047948543
0.4475611
0.3126423
0.4035293
0.6011649
0.4447237
0.1645413
0.054821055
0.84130496
0.42424336
0.35670507
0.82443726
0.6001656
0.20747419
0.034766786
0.42299137
0.37881014
0.055058643
0.04331109
0.4977963
0.2778868
0.3339479
0.37573853
0.75088966
0.84752184
0.78458977
0.701279
0.67098874
0.38353196
0.7803281
0.18528561
0.08892481
0.048387714
0.70882183
0.016584322
0.23114735
0.96910536
0.37307015
0.25951883
0.47282422
0.22226891
0.58060867
0.61243564
0.5510745
0.06185124
0.54024136
0.12527788
0.91547006
0.07520641
0.982677
0.5658706
0.41971165
0.37444672
0.5667603
0.11474282
0.7349104
0.42773116
0.30617657
0.06272445
0.8755005
0.064828515
0.11988815
0.017070437
0.3857562
0.7895512
0.35206786
0.61757255
0.20051123
0.109418444
0.39929992
0.75861084
0.5705128
0.96096814
0.7925356
0.34718844
0.0692994
0.8887755
0.5893454
0.38163024
0.019434461
0.17748669
0.82280874
0.0065655
0.86666745
0.7753769
0.44513896
0.32462272
0.63540673
0.48878953
0.5827617
0.82780474
0.94713223
0.037894607
0.4466146
0.5127812
0.4108942
0.7400306
0.8813233
0.736275
0.8087106
0.48191032
0.15820555
0.60880953
0.5986331
0.23589778
0.65195125
0.73058695
0.48120803
0.7292305
0.4007343
0.65844315
0.40126434
0.8741997
0.4434907
0.4432385
0.023799293
0.6074583
0.7193391
0.29026312
0.43751237
0.8682613
0.194372
0.3204191
0.611448
0.89049274
0.15584342
0.6590289
0.8748011
0.53243285
0.45929787
0.7861093
0.26164982
0.5596134
0.82470554
0.83210015
0.9265921
0.281186
0.22080894
0.32933193
0.53385514
0.5999264
0.4901357
0.4426166
0.8321839
0.34710723
0.6935299
0.9094272
0.90927356
0.8861283
0.07567724
0.38480744
0.61824554
0.502319
0.5331495
0.3650073
0.7966527
0.51684415
0.50581646
0.6800316
0.465275
0.86486304
0.3190896
0.33820748
0.057792928
0.18168479
0.8755049
0.2561568
0.10745377
0.43574497
0.10226759
0.71305275
0.4974259
0.44283545
0.570045
0.5569244
0.831605
0.7090552
0.93993086
0.47469795
0.47259983
0.14495453
0.85465395
0.6800609
0.13650374
0.18140976
0.4005419
0.9077291
0.9267922
0.15631466
0.60954523
0.95580375
0.62640744
0.22429994
0.26810429
0.09369372
0.01306766
0.7200908
0.103147745
0.76120114
0.11318241
0.7855506
0.7847552
0.94409734
0.16058348
0.35993737
0.019083839
0.48190036
0.49631754
0.92828375
0.58219177
0.27750292
0.122313336
0.80535686
0.637177
0.04096751
0.8702305
0.60248244
0.3093008
0.023361094
0.9119192
0.63545233
0.18177441
0.73722005
0.95777106
0.62873083
0.5522777
0.08099192
0.5514929
0.12826876
0.70652694
0.043077424
0.6303743
0.4374289
0.23149109
0.38590896
0.09497008
0.27249876
0.62410015
0.7949571
0.28578612
0.6288869
0.7911527
0.18513794
0.93250024
0.057258323
0.30753684
0.57376194
0.13697897
0.831581
0.73976576
0.49686515
0.2832031
0.04116593
0.842944
0.95488316
0.2506318
0.9511487
0.4999755
0.35682556
0.43305567
0.9496234
0.4297777
0.30315548
0.88219404
0.08555345
0.7627901
0.46398112
0.042655546
0.49494183
0.67533994
0.5839664
0.76492435
0.40678215
0.4983435
0.048102744
0.92333347
0.9669122
0.94314146
0.1389808
0.5621164
0.6198295
0.2639558
0.01619416
0.7549605
0.48153767
0.86947644
0.6693883
0.8564476
0.7859147
0.23773111
0.04752333
0.3245051
0.37073612
0.7725559
0.44825518
0.0060324958
0.7870096
0.394814
0.24595271
0.8237126
0.6071669
0.21397947
0.47139922
0.7185364
0.059648916
0.008508127
0.010342524
0.22034298
0.62890536
0.8202804
0.90841615
0.519463
0.83548516
0.5504503
0.89947706
0.08426368
0.105872855
0.7645326
0.8506605
0.79306805
0.20585619
0.9354278
0.9435213
0.05869547
0.028507696
0.5695715
0.92418367
0.76196975
0.95609206
0.65971524
0.11678438
0.75648427
0.035941966
0.66899395
0.3020683
0.5152008
0.38673797
0.68268335
0.46400434
0.92711264
0.17967993
0.27453434
0.50004977
0.1513878
0.11545063
0.91060907
0.5176519
0.11870619
0.39873704
0.5492777
0.20163766
0.030788925
0.58989877
0.863325
0.7275103
0.34222358
0.99493754
0.66734797
0.43328798
0.63827676
0.6038874
0.69734085
0.3999856
0.3929113
0.5406821
0.7821509
0.34851748
0.6845846
0.32728285
0.35272485
0.8978009
0.6180744
0.37627867
0.60247755
0.6087264
0.97726184
0.788222
0.17549168
0.54973966
0.21536
0.5054719
0.7304239
0.08951151
0.8838982
0.31250593
0.15284407
0.21730576
0.2726794
0.2822955
0.0137701845
0.99657893
0.9831796
0.8420848
0.75858593
0.8862936
0.19975106
0.5530935
0.08892895
0.56231135
0.6780713
0.1919184
0.640688
0.18400392
0.057375517
0.12196385
0.49931937
0.0093059745
0.28776962
0.29256994
0.7870612
0.42042282
0.8757961
0.51064223
0.9313001
0.09774302
0.34276116
0.8026416
0.7445744
0.4441579
0.22712876
0.46658555
0.43325233
0.94717926
0.20139812
0.8738783
0.12388889
0.3150223
0.30302632
0.6581582
0.63203514
0.7001545
0.9922304
0.6303918
0.628304
0.16303518
0.3514712
0.9226116
0.12141559
0.78169215
0.09643792
0.038598515
0.39136532
0.2944648
0.71649474
0.8410632
0.032312714
0.25321645
0.9229129
0.60619414
0.35425594
0.95344174
0.9419893
0.30298606
0.6279484
0.7792169
0.27578884
0.39729366
0.6123856
0.99243206
0.20097096
0.6753026
0.13538873
0.00093116116
0.02896797
0.9341004
0.32269403
0.45187968
0.71137094
0.8708123
0.05346422
0.021329343
0.5364942
0.87543696
0.54819787
0.7625719
0.6300134
0.30671737
0.6406621
0.83991426
0.6065067
0.36539334
0.77695614
0.21539326
0.05709081
0.9656523
0.8320815
0.8059493
0.5975746
0.7717232
0.051550765
0.51748717
0.8687289
0.8400401
0.72431713
0.07168245
0.9008919
0.99341893
0.32455617
0.07683146
0.45315388
0.5613192
0.09253603
0.5651179
0.02797972
0.97372854
0.54909116
0.60126173
0.061056267
0.24618657
0.11952524
0.1726247
0.07544365
0.8079629
0.3392552
0.9719549
0.35433272
0.2551883
0.13968487
0.39090535
0.23866943
0.25874713
0.20809938
0.23768711
0.02752779
0.8661103
0.28122786
0.31758374
0.7535042
0.74589986
0.13240544
0.011439927
0.88359386
0.82801926
0.8372226
0.5447348
0.3954736
0.42691758
0.49143898
0.6741234
0.22292733
0.5606775
0.6933627
0.8408131
0.13456318
0.52601594
0.6812156
0.27361935
0.52381945
0.6363179
0.77424806
0.010115076
0.4470573
0.664686
0.3688854
0.88672596
0.80823636
0.9214223
0.0141296005
0.45473707
0.92102313
0.38744578
0.38731968
0.7876718
0.012185188
0.36835903
0.4498647
0.43529895
0.4080504
0.6521886
0.6406985
0.82252556
0.067027785
0.58415675
0.13716885
0.69828707
0.012280704
0.12798603
0.88323164
0.8650054
0.23557945
0.46047336
0.22659908
0.4809836
0.70567214
0.18452905
0.02243431
0.92482364
0.88273376
0.5761324
0.3900165
0.8868475
0.16762094
0.011518133
0.10527497
0.6137056
0.37984487
0.8193744
0.008313733
0.73465127
0.36764938
0.99970895
0.5649267
0.5140621
0.7830863
0.038384873
0.32363746
0.6913813
0.96441686
0.33764094
0.7962928
0.47178057
0.5039717
0.5722823
0.4404478
0.71758276
0.14691333
0.44468743
0.8725274
0.77183884
0.976521
0.21805382
0.5499715
0.12112579
0.13643536
0.7422559
0.90545565
0.20063539
0.58956236
0.39498913
0.11495417
0.5757782
0.23631528
0.7610794
0.66
0.6660945
0.39107674
0.36386868
0.15685806
0.6309186
0.5370141
0.75680524
0.9137235
0.7101466
0.6310054
0.24119085
0.68543994
0.9382653
0.83620954
0.05275882
0.92526716
0.048831392
0.31521034
0.44400093
0.34126985
0.30792412
0.030860359
0.3454511
0.2737664
0.79880714
0.23403864
0.23880105
0.3622247
0.8525542
0.9121236
0.13005349
0.9774896
0.30068147
0.68622154
0.844429
0.003147892
0.4738243
0.71913576
0.47352383
0.46925172
0.36906746
0.3334559
0.23462443
0.67356336
0.5161124
0.38372883
0.8524455
0.6675558
0.89604354
0.6007122
0.70447373
0.18433811
0.72101766
0.013130596
0.20954566
0.11009244
0.88369286
0.47672957
0.3045799
0.031669576
0.9061417
0.123465575
0.82843584
0.05151039
0.4735294
0.8834617
0.8845056
0.32816175
0.5005794
0.8408589
0.23240982
0.16588892
0.27912697
0.8559929
0.33054465
0.094124824
0.15571997
0.08906962
0.39425808
0.47837928
0.97479194
0.29930517
0.51449776
0.8542429
0.0855174
0.1389772
0.09842221
0.15303361
0.0070309523
0.34064513
0.49453452
0.8965476
0.1824109
0.9209692
0.19749801
0.31978342
0.64592093
0.24786428
0.5586717
0.74495924
0.6698009
0.29259792
0.65969783
0.013098243
0.12541194
0.016305115
0.61410445
0.078800745
0.86002094
0.59320694
0.36633664
0.99291325
0.7598291
0.7809137
0.3172311
0.89841324
0.8330629
0.06943376
0.06560116
0.89996344
0.5365635
0.82543004
0.6383762
0.710155
0.43441486
0.942203
0.19831297
0.1809358
0.9259038
0.15552185
0.9518812
0.7786044
0.084690176
0.077112816
0.371324
0.7455768
0.16390444
0.08186506
0.2127106
0.6710736
0.7350626
0.63400793
0.34081212
0.93178356
0.46465772
0.35464594
0.58138955
0.31381518
0.50755745
0.1773926
0.114410855
0.09792891
0.40526542
0.36972213
0.7868356
0.9501696
0.03320439
0.92367655
0.24634732
0.24395314
0.25190932
0.40356106
0.72207403
0.6143818
0.64423174
0.46284258
0.51225084
0.69087774
0.5883331
0.14302175
0.67822385
0.52228016
0.005085889
0.1842037
0.23038645
0.932997
0.98250014
0.44656938
